100
0.14 0.8
0.14 0.81
0.18 0.82
0.24 0.86
0.32 0.9
0.4 0.94
0.5 0.994
0.6 1.056
0.7 1.154
0.8 1.252
0.9 1.35
1 1.446
1.1 1.55
1.2 1.676
1.3 1.802
1.4 1.956
1.5 2.116
1.6 2.312
1.7 2.42
1.8 2.552
1.9 2.698
2 2.816
2.1 2.932
2.2 3.048
2.3 3.14
2.4 3.244
2.5 3.348
2.6 3.404
2.7 3.53
2.8 3.656
2.9 3.728
3 3.804
3.1 3.878
3.2 3.924
3.3 4.022
3.4 4.248
3.5 4.47
3.6 4.692
3.7 4.872
3.8 5
3.9 5
4 5
4.1 5
4.2 5.02
4.3 5.04
4.4 5.0934
4.5 5.1468
4.6 5.2002
4.7 5.2402
4.8 5.3054
4.9 5.402
5 5.5266
5.1 5.6732
5.2 5.8132
5.3 5.97
5.4 6.08
5.5 6.1728
5.6 6.2436
5.7 6.3276
5.8 6.3796
5.9 6.4296
6 6.4728
6.1 6.602
6.2 6.718
6.3 6.848
6.4 6.9632
6.5 7.0744
6.6 7.1204
6.7 7.2404
6.8 7.3406
6.9 7.4694
7 7.5982
7.1 7.7202
7.2 7.825
7.3 7.9428
7.4 8.08
7.5 8.226
7.6 8.358
7.7 8.4332
7.8 8.5012
7.9 8.582
8 8.662
8.1 8.76
8.2 8.88
8.3 8.99
8.4 9.038
8.5 9.1048
8.6 9.1968
8.7 9.268
8.8 9.38
8.9 9.504
9 9.6012
9.1 9.7362
9.2 9.887
9.3 9.997
9.4 10.103
9.5 10.209
9.6 10.234
9.66 10.242
9.68 10.25
