100
0.1 0.8
0.1 0.8
0.2 0.8
0.2 0.85
0.3 0.85
0.4 1
0.5 1
0.6 1
0.7 1.12
0.8 1.16
0.9 1.49
1 1.49
1.1 1.49
1.2 1.6
1.3 1.68
1.4 2.12
1.5 2.12
1.6 2.26
1.7 2.4
1.8 2.66
1.9 2.66
2 2.78
2.1 2.99
2.2 2.99
2.3 3.24
2.4 3.24
2.5 3.24
2.6 3.51
2.7 3.51
2.8 3.52
2.9 3.87
3 3.87
3.1 3.87
3.2 3.89
3.3 3.89
3.4 4.1
3.5 4.36
3.6 5
3.7 5
3.8 5
3.9 5
4 5
4.1 5
4.2 5
4.3 5
4.4 5.1
4.5 5.1
4.6 5.267
4.7 5.267
4.8 5.267
4.9 5.3
5 5.426
5.1 5.75
5.2 5.89
5.3 6
5.4 6
5.5 6.21
5.6 6.3
5.7 6.354
5.8 6.354
5.9 6.42
6 6.47
6.1 6.55
6.2 6.57
6.3 7
6.4 7
6.5 7.12
6.6 7.126
6.7 7.126
6.8 7.23
6.9 7.6
7 7.621
7.1 7.77
7.2 7.77
7.3 7.84
7.4 8.124
7.5 8.21
7.6 8.456
7.7 8.5
7.8 8.5
7.9 8.5
8 8.55
8.1 8.86
8.2 8.9
8.3 8.99
8.4 9.1
8.5 9.1
8.6 9.1
8.7 9.234
8.8 9.45
8.9 9.456
9 9.66
9.1 9.72
9.2 9.72
9.3 10.125
9.4 10.21
9.5 10.21
9.6 10.25
9.7 10.25
9.8 10.25
